18 81 34 97 38 75 30 36 46 78 43 10 83 41 83 92 58 8 79 1 96 74 60 42 20 67 49 17 86 83 83 43 43 54 80 3 23 11 43 69 74 47 1 52 87 22 85 71 64 76 67 13 78 46 17 66 87 65 85 7 10 100 43 70 96 80 41 46 89 60 25 81 11 44 68 65 81 64 78 72 11 88 8 55 92 95 72 68 31 87 5 41 28 50 58 26 7 76 62 21
13 9 42 97 28 40 78 20 86 60 5 64 99 25 54 35 39 30 18 99 4 42 42 40 99 4 23 77 57 93 35 57 70 39 14 30 5 67 60 31 4 28 52 38 7 41 87 4 12 11 73 95 81 18 11 31 67 78 31 92 19 60 14 69 19 20 9 89 97 37 80 58 61 13 69 45 8 84 44 80 52 91 91 60 60 15 22 88 35 66 89 86 20 93 91 21 9 19 96 97
90 100 42 67 13 78 78 70 78 33 15 89 35 35 87 64 12 92 35 88 71 94 4 89 4 32 34 72 91 62 17 37 92 49 87 97 75 69 97 83 2 75 44 64 7 4 27 84 47 88 24 26 15 30 22 85 25 66 76 63 68 7 48 82 47 44 73 74 30 43 41 98 3 94 48 65 50 66 55 75 46 25 56 42 70 78 60 90 84 1 60 83 63 35 49 86 6 85 44 79
90 79 3 60 15 41 58 61 31 62 65 51 98 30 40 89 96 59 74 16 71 94 11 60 48 50 55 58 6 87 58 19 45 6 11 33 21 36 19 85 38 53 24 48 39 30 93 13 85 6 79 9 38 47 41 31 56 45 92 21 94 93 74 98 80 95 36 6 75 61 81 40 52 46 78 4 4 97 5 1 27 81 6 49 83 23 94 97 96 33 87 4 89 47 56 56 25 97 48 15
53 79 22 88 96 76 22 61 48 3 17 91 40 79 7 90 34 18 42 17 43 67 29 66 45 31 23 60 90 34 21 13 47 48 76 85 58 63 14 67 48 82 59 62 76 70 48 80 1 6 86 36 42 52 72 1 91 41 20 53 86 67 20 42 29 33 60 84 93 8 27 58 50 56 15 52 28 73 83 40 25 76 47 9 87 70 46 2 71 19 23 85 99 39 57 66 15 10 32 48
18 53 54 56 70 96 76 52 36 100 99 29 90 100 49 83 31 42 7 39 27 38 87 52 56 91 33 47 82 70 85 24 35 78 55 34 38 75 18 43 47 60 94 16 10 64 62 28 42 60 6 37 3 43 58 82 21 1 30 55 56 29 76 6 7 4 14 58 57 43 75 33 7 57 94 95 57 60 23 77 20 16 51 64 85 72 32 85 28 93 6 26 81 6 16 74 71 65 43 85
8 61 59 12 49 13 17 74 3 70 27 86 66 54 72 47 11 24 48 45 54 84 52 85 62 70 31 59 2 86 43 9 18 63 50 42 3 63 96 2 74 59 11 18 36 80 17 22 88 47 5 52 31 55 21 37 68 30 83 2 21 51 14 37 24 74 90 93 91 50 51 76 96 68 38 88 7 6 93 28 34 40 65 17 78 58 54 74 78 74 29 78 45 76 33 28 59 95 14 18
51 81 22 35 79 92 49 22 68 6 31 93 67 87 64 35 67 92 33 9 83 60 92 78 24 17 60 94 28 65 49 44 87 62 38 85 76 56 47 95 2 79 7 42 21 21 36 33 42 77 27 57 21 78 99 51 10 70 94 21 100 97 30 58 50 3 56 35 20 90 76 25 37 37 32 4 8 79 68 88 53 67 11 43 55 32 71 31 39 25 62 4 37 32 62 9 22 98 77 97
94 83 93 61 72 30 21 49 51 49 81 92 46 86 68 59 19 79 16 51 39 11 5 76 64 64 9 12 48 35 74 55 76 49 41 62 53 3 27 5 11 12 29 68 27 35 25 45 74 36 86 84 59 80 37 71 68 92 28 41 7 34 63 42 55 56 8 41 12 70 35 36 43 32 91 81 4 51 97 49 76 23 26 43 27 34 69 85 77 84 1 48 91 92 79 71 23 58 34 59
64 50 98 76 56 14 21 30 92 98 68 21 97 9 47 63 78 99 35 58 3 25 79 61 79 82 29 38 58 58 14 33 46 97 97 51 20 14 91 76 95 33 47 36 21 5 1 19 68 24 93 43 86 84 61 7 89 64 0 3 29 53 19 15 6 63 26 39 71 43 35 54 78 72 84 64 32 69 79 20 81 92 70 35 99 93 45 38 49 19 70 62 41 55 57 13 76 75 74 85
67 28 29 90 48 37 57 1 28 2 6 75 22 6 52 52 41 51 71 3 61 63 41 51 3 41 48 96 92 59 10 42 27 96 33 42 93 13 80 64 50 90 69 64 34 17 78 44 19 89 30 33 58 38 1 90 95 57 82 34 31 92 41 86 9 4 20 35 32 11 22 41 85 31 77 68 38 22 11 87 31 54 87 52 10 88 63 27 31 83 40 56 81 17 58 32 52 47 50 63
89 2 90 88 88 82 26 70 83 75 27 92 57 60 69 34 40 91 8 10 17 97 19 29 33 20 19 29 26 22 9 94 85 2 46 63 48 1 50 98 22 71 98 69 2 72 68 57 18 86 1 28 90 25 55 68 1 73 70 35 48 27 90 44 77 42 12 34 12 53 28 69 90 37 8 96 68 67 15 5 87 35 93 24 88 91 86 71 36 4 69 77 70 80 32 19 58 92 57 94
13 19 28 81 43 46 35 47 16 27 65 99 22 12 9 35 98 40 82 81 17 47 9 64 85 70 61 90 85 90 55 70 34 62 96 96 74 0 23 7 47 7 94 12 14 64 55 46 39 56 29 18 100 52 77 92 33 2 62 2 32 73 32 15 58 11 21 62 6 40 18 44 81 3 22 15 53 31 38 35 18 96 46 99 94 59 35 22 70 80 56 26 2 82 45 67 53 35 85 37
57 50 49 90 44 78 16 51 80 16 24 20 62 88 45 85 6 22 20 36 27 51 72 87 15 54 75 84 69 99 98 66 78 3 32 2 1 57 53 56 97 11 11 13 34 38 74 49 25 49 95 59 92 29 18 88 93 55 47 84 29 97 17 75 99 2 19 70 35 25 28 88 0 6 27 93 38 36 78 25 94 54 95 28 55 44 63 59 79 87 37 42 50 6 80 88 24 49 17 86
98 24 55 38 55 56 86 60 83 68 28 78 55 79 5 89 5 58 50 54 77 33 76 62 50 15 55 1 86 55 84 28 72 62 60 56 12 13 55 18 79 80 33 13 38 36 22 81 34 83 79 22 73 53 45 11 66 61 11 8 86 86 13 67 53 65 38 67 29 8 25 78 76 65 9 11 27 83 68 85 15 43 41 77 94 70 50 10 77 5 97 13 14 73 46 66 92 90 47 99
90 67 97 19 59 92 33 82 22 61 58 96 23 25 71 19 8 84 64 21 86 64 6 28 83 7 48 58 64 88 28 40 38 87 3 62 24 16 35 73 92 86 1 47 96 72 26 0 91 49 4 8 48 27 16 85 48 77 56 28 68 34 88 17 71 79 79 99 67 37 84 82 80 60 78 47 80 45 86 60 9 82 47 3 71 80 33 82 74 14 79 31 37 18 6 91 76 89 80 85
46 79 50 83 5 68 17 88 86 78 2 13 21 22 49 82 64 94 42 24 79 28 57 16 47 66 92 57 92 13 100 45 21 76 87 86 9 14 20 39 61 75 37 61 51 1 11 33 78 93 48 81 26 15 45 100 67 50 41 23 82 41 64 33 55 81 10 88 13 59 93 13 11 29 80 16 99 86 99 81 88 54 16 94 8 75 91 94 82 58 42 65 86 56 75 37 79 79 37 99
64 24 73 71 27 35 71 13 20 41 45 7 63 44 97 82 3 8 92 11 56 100 96 62 28 50 47 36 75 97 3 15 46 81 68 61 1 4 38 17 24 7 73 3 20 5 76 85 25 70 31 76 6 83 30 35 77 27 39 86 84 84 78 78 78 81 8 3 66 21 34 94 5 90 71 78 100 97 71 64 5 59 34 33 75 53 84 68 18 27 18 94 91 48 71 32 6 55 54 43
0 43 18 36 50 75 78 43 32 79 84 24 31 42 13 21 67 96 5 99 68 69 26 69 30 13 59 19 67 99 8 23 46 56 56 30 63 47 1 13 73 14 27 9 26 7 7 75 38 4 56 65 4 27 4 82 8 92 11 59 100 82 77 51 3 72 9 39 63 99 56 7 92 1 2 63 79 91 41 53 31 20 56 51 6 88 31 74 57 1 52 79 57 99 65 19 36 33 83 59
90 3 86 26 24 93 52 8 62 36 98 19 27 3 72 86 75 12 39 73 16 65 16 76 12 96 13 59 69 28 66 2 57 8 92 2 69 36 54 84 97 34 88 96 86 39 30 81 13 79 72 96 65 30 63 62 92 51 75 21 17 67 21 81 34 75 19 54 83 23 74 9 7 97 65 92 47 63 62 63 12 80 80 32 3 71 40 22 42 18 53 79 62 35 13 6 87 54 64 58
13 44 75 1 99 9 40 99 56 43 2 23 43 66 13 90 87 91 75 4 21 66 60 71 67 48 72 40 53 39 37 100 44 74 43 39 67 64 44 34 66 71 77 59 80 69 4 90 63 64 77 95 59 47 72 93 43 71 33 90 78 65 1 21 49 25 70 43 10 75 37 14 48 80 28 68 43 86 52 77 61 71 35 6 39 93 47 74 40 50 54 60 27 97 6 62 11 97 1 47
8 95 52 7 35 47 75 89 52 72 97 35 37 17 79 6 64 9 43 37 79 45 95 97 87 69 95 85 40 46 16 29 42 42 13 84 63 48 36 41 79 20 30 33 21 87 99 64 72 65 32 30 45 70 60 60 33 95 24 91 37 62 42 70 23 99 40 5 35 74 3 14 50 48 86 76 18 47 49 31 48 9 90 19 74 75 51 32 7 9 31 83 96 56 65 39 9 77 41 86
25 65 52 81 12 46 25 56 91 37 42 9 98 72 42 85 10 26 4 9 53 62 47 41 23 59 96 46 16 90 61 88 58 95 70 63 55 94 58 65 85 27 3 29 35 98 70 12 75 61 78 9 86 1 45 96 98 77 94 51 99 6 56 55 82 79 51 53 30 84 13 7 37 45 65 78 16 4 2 53 34 6 12 41 97 4 93 7 81 56 32 89 48 75 20 25 26 44 68 78
56 15 14 15 30 12 71 99 28 17 47 58 28 95 3 32 4 22 56 66 61 27 88 53 52 93 9 61 73 32 33 35 42 92 36 24 79 23 23 57 89 87 35 46 70 88 17 58 95 38 69 61 13 61 71 42 85 99 18 80 9 93 25 47 63 67 71 65 21 93 3 30 77 13 55 93 98 52 92 87 69 82 2 97 53 43 78 11 74 34 86 87 62 30 74 15 38 67 43 28
38 96 91 50 89 39 91 55 53 75 1 42 30 86 92 15 13 36 84 65 32 98 83 57 29 45 77 93 48 76 79 69 18 89 78 86 22 61 88 12 12 96 58 78 64 46 50 10 53 43 14 12 96 35 46 69 80 71 66 87 79 20 31 18 90 5 61 86 94 67 74 3 90 99 49 27 59 96 69 54 94 2 17 34 71 84 41 89 96 57 80 9 79 87 26 24 26 59 4 44
13 3 0 9 80 72 65 39 55 23 5 33 79 36 14 77 67 49 93 1 37 31 46 49 8 62 66 47 50 87 72 37 31 36 15 26 79 50 30 75 70 58 14 10 81 81 5 28 33 79 63 1 95 59 13 47 61 92 72 78 67 92 64 46 76 67 67 53 47 30 86 27 82 7 36 29 88 47 12 77 31 88 25 51 28 20 52 30 62 20 21 71 38 99 42 62 44 93 36 21
57 81 71 4 92 34 71 87 83 30 65 88 74 72 47 44 96 99 90 18 3 79 9 7 49 40 3 98 37 43 51 9 22 90 44 68 1 69 68 12 37 85 5 70 68 8 67 85 47 12 12 48 55 59 1 42 66 14 77 91 86 25 3 3 71 56 29 87 75 54 74 90 69 1 27 49 21 56 91 5 9 19 90 33 4 58 74 22 86 82 18 99 69 94 54 67 72 83 81 81
60 39 87 24 51 33 12 10 45 25 81 9 50 12 67 78 11 86 84 99 25 88 64 68 99 94 11 25 92 23 67 20 16 21 3 62 14 31 30 62 27 40 31 73 95 42 97 89 8 88 85 22 9 20 37 72 74 96 55 67 97 22 7 1 2 66 66 10 17 93 96 54 41 53 16 34 42 83 34 10 19 43 63 77 28 11 41 61 45 77 59 7 57 91 10 34 46 43 45 38
49 37 48 79 34 25 26 28 49 2 27 12 18 70 59 43 42 8 17 40 34 57 24 2 82 88 80 9 1 91 82 27 50 19 57 11 15 41 29 96 84 17 90 60 57 73 84 98 12 1 16 70 63 76 91 55 27 94 3 80 24 30 9 16 17 30 2 25 15 3 97 76 89 5 58 12 83 41 41 31 85 33 99 17 97 87 98 98 11 83 3 77 52 17 59 16 36 56 27 82
55 97 57 55 86 39 10 70 54 10 31 86 20 42 27 3 56 6 90 17 92 42 1 50 60 82 59 87 50 98 14 56 90 42 51 82 54 91 72 83 80 54 28 30 47 41 7 20 79 9 52 8 86 71 33 23 84 84 10 18 83 91 79 31 80 37 98 32 15 28 89 50 67 58 50 6 86 4 59 88 55 73 83 70 22 34 34 11 25 96 1 98 50 73 0 43 0 63 29 51
37 49 73 84 61 86 80 95 77 18 24 36 100 90 26 39 45 52 18 44 96 10 20 46 52 89 78 17 20 86 71 74 42 28 94 84 77 23 48 83 4 78 61 67 81 66 99 19 24 71 3 94 92 23 18 80 63 36 83 49 78 62 28 43 87 72 19 23 29 6 79 97 30 0 40 41 53 11 18 82 46 74 61 84 12 61 50 48 96 27 31 95 11 22 97 19 58 24 34 89
91 52 40 69 23 4 81 78 59 42 4 78 84 68 60 91 13 73 63 14 43 10 8 17 11 5 10 20 23 99 48 99 20 70 1 49 71 41 49 23 48 33 70 46 28 37 88 58 96 50 7 25 9 69 20 55 10 64 35 85 53 17 95 61 28 36 36 5 55 40 92 91 16 53 19 84 94 7 63 55 67 99 18 20 30 9 64 85 77 34 43 71 82 96 63 66 40 51 10 56
96 24 69 66 45 26 43 34 9 29 13 54 25 26 72 51 64 36 32 83 9 21 10 0 26 97 81 55 91 26 6 74 94 57 67 2 25 47 31 51 56 31 57 62 12 60 63 55 81 81 26 22 29 71 39 79 70 61 15 18 48 24 4 48 4 42 89 26 55 40 23 41 13 86 56 48 97 83 17 20 11 38 9 11 8 72 54 82 19 58 31 15 56 98 74 31 20 64 17 5
83 82 19 76 52 77 60 35 84 95 9 37 33 64 47 32 17 3 90 36 85 86 34 33 13 85 58 77 90 94 18 82 91 45 56 82 98 25 93 23 56 63 63 72 21 10 76 66 17 52 22 50 18 57 59 46 59 90 2 43 94 63 43 72 48 62 53 39 68 32 67 68 93 85 28 4 6 52 1 22 19 10 52 20 94 3 18 37 11 91 50 5 43 66 99 41 86 70 58 3
28 62 2 65 24 70 1 17 48 54 92 82 4 79 51 65 33 20 70 89 16 94 74 14 11 50 66 80 2 72 82 54 83 42 63 16 4 99 46 51 72 66 76 43 68 76 88 8 23 27 79 77 50 30 7 88 6 84 48 45 70 4 91 4 72 77 44 16 50 37 18 1 14 56 88 59 15 55 64 15 90 10 51 34 94 49 27 3 37 52 100 2 13 65 64 65 49 15 12 36
75 42 27 96 3 83 60 73 17 16 40 22 22 97 5 15 54 31 78 7 40 36 74 47 73 75 85 31 53 0 27 14 85 20 78 67 24 74 69 16 86 74 92 76 94 14 15 22 14 86 74 35 55 41 94 95 71 92 35 15 80 14 39 64 100 28 68 70 69 19 26 4 59 53 25 84 99 21 23 41 47 22 79 42 74 51 82 25 14 9 62 29 22 5 65 63 48 32 81 53
86 37 66 51 3 46 45 34 78 89 78 8 89 83 15 62 11 6 21 35 25 87 99 26 49 51 55 72 37 91 6 19 52 22 45 3 3 24 68 22 33 21 4 79 45 67 42 92 68 15 36 6 38 5 20 3 63 75 64 30 50 29 52 86 78 19 56 15 14 69 70 99 51 49 24 26 80 78 66 67 94 23 73 29 43 2 13 32 84 62 83 84 66 24 99 53 57 87 41 45
68 93 52 3 83 13 36 60 34 4 41 53 51 25 5 38 10 70 7 69 60 56 9 30 42 39 5 4 62 78 20 58 92 90 41 5 32 20 60 2 80 39 86 87 12 99 1 37 47 53 30 7 65 36 77 90 18 29 52 35 50 37 39 22 55 81 69 22 69 98 56 52 72 37 66 53 30 41 65 88 87 92 25 18 45 10 7 35 26 71 33 54 28 77 83 12 58 10 82 37
82 9 72 70 94 6 79 37 93 70 23 40 14 77 71 72 100 56 61 52 8 44 42 40 18 30 38 91 45 6 94 7 52 70 58 77 17 26 45 23 88 39 19 9 1 36 79 5 49 47 46 83 79 49 48 73 65 43 37 17 90 60 67 58 34 68 82 69 7 98 92 42 8 98 95 17 70 27 55 27 29 9 2 73 65 64 22 49 26 11 16 98 84 11 95 10 3 30 85 40
68 62 3 89 53 11 31 57 50 71 86 61 11 82 6 87 79 68 88 69 0 97 93 98 27 26 69 11 28 35 83 37 11 64 96 65 21 24 55 72 32 6 78 77 97 91 12 77 86 59 5 15 68 38 86 62 84 37 5 65 2 35 28 46 95 82 24 88 20 34 29 58 12 70 21 92 94 7 85 67 32 62 34 7 9 9 78 19 100 75 74 28 10 9 21 23 16 75 48 12
17 74 15 46 72 60 21 73 31 52 32 48 21 10 12 90 31 47 40 4 41 36 68 71 65 31 8 91 67 97 57 32 30 70 85 18 77 56 62 77 4 87 13 40 61 93 30 45 98 63 24 55 20 65 81 31 12 28 93 95 22 27 54 64 18 4 38 92 52 45 87 73 90 77 26 35 41 47 21 23 39 74 54 53 16 38 21 45 46 35 95 53 58 28 81 23 60 71 35 72
17 59 85 6 97 73 70 83 27 24 27 4 38 18 57 77 60 87 97 10 84 10 67 61 20 98 85 19 82 31 26 82 10 79 57 50 77 2 92 39 42 60 20 19 97 16 70 25 99 78 45 17 24 10 76 21 18 48 28 50 66 21 82 74 13 60 50 79 39 68 16 95 85 43 30 69 92 13 86 28 38 43 15 96 12 86 83 20 22 34 53 99 67 59 87 3 10 59 36 82
47 33 37 35 1 51 15 40 28 57 28 3 13 92 45 11 67 70 84 84 70 53 64 46 4 67 19 8 43 18 4 47 29 78 52 49 38 55 95 100 33 59 22 43 31 49 12 66 1 98 90 30 79 20 12 48 69 10 60 55 17 10 70 84 19 79 47 78 61 94 18 82 66 91 64 55 46 85 0 63 88 77 97 41 39 89 63 45 6 68 75 7 82 0 50 57 20 16 13 56
10 100 25 21 74 18 24 56 11 4 3 32 21 43 41 97 47 55 31 71 14 53 55 14 52 46 15 56 31 13 59 66 46 49 49 42 33 88 24 46 28 88 37 99 36 88 65 75 29 96 21 84 70 79 35 5 21 21 99 72 90 62 35 44 80 13 13 30 60 100 76 36 86 26 14 50 86 93 66 94 9 13 25 25 83 34 77 52 54 88 20 4 74 16 55 69 100 44 16 92
87 48 95 23 91 54 1 65 3 82 3 6 23 85 93 83 79 45 43 61 22 94 54 8 43 73 100 53 67 41 8 55 36 54 45 36 43 60 54 88 71 53 45 69 50 9 16 58 35 50 51 12 30 39 31 81 73 26 98 39 62 15 99 40 99 14 54 43 91 63 2 90 82 4 69 88 87 49 98 19 65 81 36 86 26 75 60 5 83 3 63 0 78 63 50 73 24 59 43 27
77 89 16 23 54 82 68 22 65 4 67 69 21 1 96 19 20 3 73 20 26 90 42 41 40 68 87 56 31 32 35 78 98 81 37 11 19 90 60 5 60 31 46 3 97 90 13 27 33 40 38 100 14 84 11 30 56 68 82 71 4 43 5 74 16 28 68 60 55 97 48 42 91 57 27 9 26 1 67 79 67 56 63 53 41 49 97 27 9 36 100 21 17 25 82 27 25 87 12 95
59 31 11 6 33 0 42 65 16 56 74 87 56 88 58 46 55 11 14 83 49 80 26 57 0 0 56 42 72 34 70 64 1 99 68 76 38 95 19 11 98 63 24 70 69 88 84 72 67 13 61 86 94 49 75 64 31 37 53 10 89 90 67 39 99 85 91 97 46 4 17 80 34 48 61 58 70 68 52 48 49 80 58 24 55 55 66 38 42 63 31 91 98 50 26 39 3 56 14 29
88 90 93 63 15 0 30 28 58 72 41 69 20 2 2 25 57 5 46 0 48 36 12 32 69 59 49 37 23 95 95 3 8 41 18 91 19 25 88 91 81 62 99 29 7 6 85 16 80 52 7 55 56 26 3 19 81 43 59 75 68 43 48 78 77 96 13 7 67 13 84 39 8 43 3 48 24 89 95 82 97 83 18 45 37 58 16 86 97 60 11 8 66 19 42 30 61 30 68 18
18 88 39 17 16 50 9 78 27 80 17 92 40 18 65 27 59 58 87 40 16 63 47 23 4 17 74 50 26 83 1 22 71 1 95 47 67 4 14 97 90 46 35 71 46 69 71 54 35 73 75 63 84 19 43 23 88 90 85 26 50 48 0 13 39 97 81 17 40 44 99 98 12 22 33 86 15 70 96 42 84 70 33 31 43 23 46 16 33 58 90 88 58 68 47 4 29 90 83 9
15 91 11 51 67 48 24 54 91 41 1 16 7 19 92 6 38 93 96 91 68 8 59 50 94 84 13 35 80 9 29 70 84 37 40 57 48 34 49 2 67 14 39 17 49 78 6 98 52 64 99 98 87 71 82 0 25 73 72 59 50 58 2 25 80 88 4 67 2 35 69 41 28 1 68 32 30 76 15 93 62 24 40 8 67 79 46 27 53 74 24 45 11 86 98 89 51 65 57 69
83 39 11 67 33 96 47 28 2 40 32 96 22 4 10 79 28 62 21 82 38 53 66 31 85 81 39 9 17 31 54 8 2 97 52 98 27 84 15 16 78 9 2 91 39 75 36 24 15 89 76 57 37 10 51 74 57 79 6 10 67 35 96 63 94 65 97 77 17 5 79 88 82 12 12 59 71 38 73 97 12 32 16 9 29 72 71 61 33 55 32 47 46 60 76 72 4 52 94 85
39 36 79 91 67 9 94 97 51 36 61 3 8 81 99 66 14 42 44 75 100 57 39 22 73 55 86 38 16 59 5 45 51 74 23 99 45 66 6 53 81 90 10 72 74 78 38 43 53 99 85 56 67 86 72 82 42 14 75 59 18 95 36 85 93 92 98 19 50 81 7 28 29 75 69 19 65 36 13 60 35 65 47 20 30 2 7 27 15 34 90 31 72 82 20 15 74 50 45 94
90 94 72 2 91 92 55 83 7 77 37 16 5 41 54 51 68 58 33 79 8 96 76 37 59 78 3 24 73 64 23 61 57 42 87 90 49 32 2 21 48 92 5 16 72 62 66 68 28 11 79 83 11 32 57 9 86 13 28 63 60 46 78 23 6 12 29 21 62 95 20 13 7 66 62 22 8 26 59 83 25 72 90 25 3 9 61 30 71 28 18 47 31 96 16 55 32 98 42 58
100 42 86 89 46 49 21 61 35 18 38 35 73 22 91 67 18 33 68 25 38 35 20 99 52 95 66 89 76 97 64 66 90 5 4 70 24 57 92 14 96 54 5 93 3 53 26 33 67 58 32 10 93 49 48 68 23 65 64 70 88 99 37 88 28 44 67 44 45 90 94 85 96 66 90 25 51 7 36 78 76 17 28 78 15 1 73 35 9 6 54 67 3 45 66 29 30 38 12 81
46 58 32 99 20 18 8 80 15 88 45 15 57 30 45 64 78 81 9 87 23 27 27 24 33 99 97 78 67 85 72 35 100 12 1 22 24 64 48 57 31 51 94 99 7 65 61 74 83 97 56 54 82 21 87 16 33 12 37 68 68 23 98 96 7 95 63 91 31 66 46 95 53 67 33 94 87 3 6 59 10 92 55 69 55 94 15 30 93 35 7 31 12 82 27 49 79 18 30 21
83 48 57 34 86 8 73 26 99 33 84 66 9 11 95 58 69 97 46 13 21 89 0 57 12 85 3 94 52 17 47 30 17 18 48 22 25 85 70 56 37 96 31 82 86 22 99 96 31 45 45 22 54 49 75 67 19 30 1 0 73 77 24 21 73 79 21 15 2 96 65 51 32 29 69 64 22 17 76 94 16 82 74 63 99 76 58 77 45 5 10 16 42 74 28 37 49 75 42 29
41 80 65 68 75 85 84 41 86 100 34 29 47 31 100 24 84 88 79 60 75 87 86 20 75 26 4 94 99 41 50 64 86 5 20 37 6 57 84 80 76 31 10 13 13 40 17 96 15 99 83 17 89 48 36 22 55 22 80 31 20 95 9 11 41 13 57 16 85 50 6 33 81 59 87 7 46 21 62 79 12 10 8 88 47 86 34 52 25 3 44 89 0 50 20 70 100 87 37 52
37 98 50 44 90 6 36 88 31 69 61 14 35 41 59 57 1 80 75 88 64 53 35 51 48 91 19 92 83 84 95 41 10 47 61 40 67 48 93 72 54 43 47 8 31 3 7 42 34 91 62 43 92 11 92 54 7 64 66 72 12 5 57 87 30 93 23 33 89 11 73 32 78 13 2 62 10 20 87 32 62 10 36 25 83 27 14 22 10 68 44 94 91 86 1 88 65 31 16 42
14 27 7 3 69 26 57 95 71 56 79 9 28 75 44 70 36 47 48 99 14 49 4 39 87 64 58 89 67 45 69 72 95 75 94 32 68 84 7 70 90 68 4 29 29 78 27 71 98 98 12 12 47 96 31 42 83 48 85 37 21 94 73 8 19 34 55 98 59 76 22 50 60 3 41 94 47 6 59 19 11 28 12 38 53 84 34 51 32 47 88 41 98 43 10 95 47 37 3 83
13 34 9 59 81 81 50 97 1 7 76 33 45 42 78 61 92 46 98 11 85 25 10 82 48 53 3 84 38 15 22 68 24 40 11 79 27 86 2 70 15 22 75 41 0 59 6 94 16 21 21 67 44 44 83 30 63 40 96 86 65 26 19 48 67 1 22 51 62 92 7 19 71 33 41 87 66 68 98 90 62 76 28 34 45 60 20 66 15 43 93 18 24 63 16 69 56 36 88 1
47 26 48 96 65 57 59 40 53 81 29 88 9 10 40 53 25 27 31 23 14 66 89 72 1 24 98 18 33 65 15 52 24 26 51 47 40 71 21 76 7 95 81 95 70 30 60 22 24 50 5 22 17 19 54 36 33 60 72 70 37 31 64 43 99 10 47 10 65 15 88 85 7 32 92 53 42 57 87 83 100 40 49 20 20 25 95 23 6 73 47 30 82 96 63 56 39 43 54 68
14 38 70 42 76 80 77 80 60 78 58 85 69 19 19 11 17 36 9 43 10 24 10 32 51 60 2 36 89 14 78 58 59 50 4 84 14 82 3 5 76 67 29 36 15 90 99 94 58 73 57 46 99 74 3 63 36 71 96 51 28 16 80 34 67 55 42 86 58 73 74 15 84 47 10 54 1 96 88 35 82 7 53 31 42 39 59 1 30 82 3 8 38 67 55 60 37 39 41 75
43 26 31 55 28 4 95 7 11 48 90 15 2 85 14 26 74 84 37 62 69 0 9 6 34 34 47 1 64 47 50 19 19 80 74 7 16 14 50 15 7 78 96 87 84 18 40 51 59 58 62 71 5 93 50 84 88 29 13 48 46 33 16 17 59 7 83 77 92 65 30 16 40 23 14 83 42 3 60 33 59 58 90 2 93 15 25 37 41 2 88 80 23 19 26 97 32 8 91 98
54 98 59 99 93 88 53 80 58 86 9 47 73 10 94 89 24 50 21 47 7 50 98 24 80 78 11 49 12 10 3 44 14 47 51 35 13 38 19 4 28 74 70 35 60 26 33 64 90 79 31 1 13 73 53 14 7 42 55 40 98 68 28 76 29 28 71 73 46 1 23 68 50 66 28 54 25 74 29 87 60 80 20 60 11 49 90 66 0 1 43 56 53 71 40 70 47 76 81 54
62 95 3 72 95 39 40 85 67 70 40 28 48 95 36 25 18 67 60 16 3 16 57 81 84 10 78 81 8 43 37 47 44 21 85 3 23 28 36 61 100 70 75 56 77 7 6 22 36 52 87 57 68 71 83 46 49 24 36 58 22 66 32 86 95 87 40 37 9 28 15 94 98 47 28 36 15 28 15 70 22 79 35 1 51 36 47 73 72 48 41 11 48 70 48 27 24 36 36 85
84 55 36 60 7 82 43 15 15 26 26 86 83 47 45 26 60 81 5 11 44 37 77 24 96 46 72 11 95 19 66 46 63 94 12 17 82 8 40 51 6 69 23 27 83 15 91 57 62 67 11 97 78 76 93 17 33 77 80 85 26 88 90 40 56 38 14 85 49 33 22 74 63 24 33 16 0 62 52 57 61 8 75 22 22 47 8 72 20 91 92 43 29 15 82 36 5 42 14 74
10 35 52 22 89 30 98 79 26 57 28 19 100 49 27 37 76 18 25 60 68 29 54 64 79 43 83 24 89 29 56 29 85 65 55 16 12 43 4 3 11 88 32 96 63 85 91 64 97 15 13 16 17 73 59 18 34 53 2 48 11 15 6 5 28 95 33 26 15 72 25 55 23 58 84 38 97 6 1 64 55 92 81 76 72 91 56 20 15 65 20 42 29 5 8 76 88 15 82 68
69 79 7 14 92 84 3 9 80 29 46 65 67 87 62 31 60 86 99 73 56 64 33 3 22 43 88 86 64 17 90 32 24 71 76 5 18 51 56 28 95 35 0 23 80 8 33 48 0 43 51 3 15 83 55 5 89 90 6 15 78 17 3 72 92 93 59 50 99 29 94 43 57 38 57 15 46 94 19 15 52 80 3 63 25 12 69 54 45 53 16 36 100 37 55 57 95 27 85 31
94 60 25 59 57 6 74 60 69 71 72 77 10 63 51 31 78 11 75 86 48 93 59 79 26 58 65 58 58 4 35 40 70 62 60 50 46 95 87 96 51 37 62 29 31 6 81 54 81 18 30 87 67 64 53 47 92 85 80 31 75 99 46 87 93 63 85 69 65 64 82 28 15 47 38 51 89 88 27 40 54 29 90 10 15 56 14 36 33 50 50 73 86 54 63 92 21 58 79 86
51 39 13 44 59 33 11 49 93 24 5 84 68 80 9 35 26 94 79 40 28 98 95 89 28 28 46 2 39 13 13 11 66 12 33 19 82 29 21 58 90 52 89 21 71 17 93 82 12 60 31 39 49 60 33 94 17 96 65 14 78 43 14 6 37 0 12 86 95 87 87 93 82 93 85 18 67 49 46 61 48 57 47 32 57 54 92 1 46 8 83 35 48 10 12 34 30 85 55 37
67 0 8 90 18 24 79 22 30 63 91 77 16 84 90 92 87 63 100 71 30 61 68 45 40 90 41 29 9 97 34 10 15 64 96 89 45 23 73 9 12 65 99 36 85 90 85 79 87 51 56 32 67 97 83 32 48 30 15 72 64 24 2 3 22 84 54 73 1 96 10 54 67 97 54 61 16 3 75 70 70 41 13 97 71 2 43 36 44 54 17 7 64 98 82 18 2 11 84 51
50 37 49 24 4 58 1 49 61 11 87 31 48 71 79 13 63 71 49 86 100 48 50 46 80 53 40 100 65 16 71 51 39 90 55 46 98 31 97 52 24 17 93 53 60 69 0 65 76 18 64 75 58 61 61 83 19 38 69 92 56 79 75 46 77 4 41 89 41 24 60 11 4 65 89 15 22 22 38 63 60 77 29 26 0 10 43 5 76 58 64 26 16 6 32 84 78 100 62 89
31 74 5 34 32 11 63 100 37 14 36 6 3 57 4 58 22 13 48 8 50 36 31 6 48 67 37 72 45 34 58 11 3 87 99 77 56 94 60 85 87 29 45 20 33 28 20 85 55 45 69 61 26 79 34 53 58 44 34 17 10 7 52 8 49 6 84 92 18 45 33 82 75 39 58 29 78 40 4 91 48 75 92 39 19 26 93 62 78 62 91 33 42 91 69 87 78 21 89 29
53 3 69 22 21 21 23 24 64 96 31 97 43 67 60 79 36 14 29 67 56 85 93 70 71 91 41 32 94 25 15 55 50 87 36 44 57 73 16 17 59 44 14 75 17 16 14 34 13 35 61 40 62 91 9 74 46 17 92 11 50 70 66 70 80 95 100 74 39 93 95 86 59 53 28 77 35 78 99 94 35 58 96 27 71 76 49 31 80 83 33 69 41 56 38 79 28 98 42 62
23 53 64 18 42 82 31 43 86 57 95 50 77 40 32 82 33 65 22 62 58 37 72 39 52 76 77 96 34 92 79 77 10 92 8 49 90 19 35 6 72 5 48 56 75 33 86 26 52 38 100 97 52 96 93 39 12 29 83 84 61 39 79 44 50 83 100 8 69 22 11 7 65 84 50 11 36 7 61 98 43 97 13 57 64 83 46 9 4 16 48 65 47 86 14 18 35 80 42 92
73 86 28 60 91 71 22 2 2 85 51 54 41 84 34 14 9 94 14 0 86 24 43 82 6 84 40 65 87 28 91 61 39 65 39 86 33 37 64 78 37 39 71 17 35 80 45 72 77 68 83 95 65 20 34 38 31 41 44 29 95 90 92 63 17 18 44 59 48 65 75 74 36 76 5 51 23 67 5 53 6 100 85 31 4 55 68 73 44 67 99 64 38 38 68 10 39 1 32 59
19 56 31 56 16 41 3 2 18 23 47 44 10 39 25 36 6 81 52 30 56 73 57 33 12 49 22 20 32 50 81 4 53 12 29 13 3 88 60 6 87 84 84 78 61 87 74 97 47 28 42 97 8 93 9 37 17 59 79 61 92 81 74 49 97 26 10 40 68 80 18 40 5 91 2 22 52 64 53 42 45 30 88 62 37 29 99 6 32 51 93 64 19 7 63 80 43 41 60 5
2 96 39 86 89 18 91 96 8 14 57 4 25 66 54 58 79 21 73 65 29 38 55 59 7 89 52 33 27 98 96 9 71 59 92 78 1 41 63 20 35 97 39 2 55 15 62 78 10 21 12 62 92 81 90 77 54 51 6 19 78 84 92 2 47 10 9 92 3 16 23 87 88 49 13 94 6 34 69 62 84 62 30 69 10 88 66 88 18 30 25 85 47 88 29 52 84 53 62 52
64 57 99 14 62 2 2 3 51 89 80 69 35 26 91 2 96 38 7 17 38 21 27 49 13 34 8 7 17 44 52 27 65 47 89 98 28 20 49 52 45 11 3 49 91 63 31 98 11 16 61 38 0 19 95 32 9 85 31 52 89 43 53 73 10 30 55 25 16 10 17 66 29 100 55 28 79 59 24 54 67 5 73 26 60 40 99 71 40 69 58 22 57 33 70 7 45 42 46 100
87 93 34 51 70 14 2 4 22 9 10 11 88 34 23 47 98 53 39 84 86 78 28 14 39 6 37 74 13 32 52 22 67 85 81 93 97 60 5 20 15 90 11 2 6 67 98 23 83 30 60 61 21 15 73 1 9 13 14 22 87 32 62 17 35 42 45 63 78 87 39 47 47 95 22 44 39 99 39 6 96 37 18 5 35 30 10 53 39 4 70 32 1 66 79 29 88 83 12 7
80 45 28 52 70 13 55 23 96 4 97 53 35 47 61 90 53 51 6 56 91 2 92 97 18 81 37 37 71 52 55 11 86 71 80 10 78 14 27 92 78 41 24 39 51 75 66 94 75 63 52 57 67 48 63 89 67 24 28 27 39 31 36 29 26 63 94 68 68 92 22 90 30 99 88 0 57 51 59 29 23 53 91 54 20 58 8 79 29 96 16 23 39 80 62 34 71 94 25 54
9 77 95 1 71 9 21 47 10 91 92 13 74 32 9 36 18 18 70 24 62 25 32 46 28 67 63 97 97 90 9 85 44 6 12 80 66 44 12 94 12 30 45 24 3 39 16 40 41 88 75 67 2 41 62 32 61 82 1 81 63 89 92 54 94 73 69 92 90 38 81 12 28 44 14 72 24 18 56 23 99 19 70 99 86 88 10 91 1 11 1 39 20 5 40 56 75 60 1 95
27 69 53 9 72 16 54 68 10 0 93 49 65 68 75 80 74 98 76 29 34 34 63 50 88 41 31 29 23 18 50 43 9 84 24 58 94 43 33 13 53 57 18 35 69 22 28 16 14 58 24 5 83 58 8 66 93 10 52 29 12 70 67 7 16 95 16 25 93 1 12 51 49 58 86 22 86 70 40 90 14 79 47 27 90 8 79 97 3 22 65 60 58 42 59 82 94 90 77 44
82 34 59 92 48 26 38 84 50 55 16 93 71 39 69 67 66 24 34 44 4 74 79 10 88 93 13 40 1 11 35 75 61 85 68 80 56 34 67 32 80 33 72 92 47 85 60 62 57 11 39 56 68 78 79 52 28 91 32 74 50 48 97 55 31 55 25 8 5 89 41 76 67 43 40 35 22 43 55 39 76 30 38 37 13 2 89 94 46 65 43 19 25 52 85 24 43 89 41 87
8 62 86 72 35 66 41 15 47 65 70 42 62 21 31 88 96 3 44 38 71 88 49 71 46 54 14 98 10 53 90 29 44 14 37 7 28 4 57 7 87 8 60 26 7 31 21 3 16 45 86 83 96 16 70 85 35 2 72 99 62 74 78 32 95 43 40 30 98 96 91 41 4 87 66 47 78 5 56 39 14 88 88 4 64 71 69 28 49 18 11 91 81 36 33 2 62 41 31 44
13 31 76 29 2 85 5 65 51 62 6 3 11 87 18 26 4 85 71 5 28 58 19 85 41 11 21 81 14 54 88 25 78 76 19 37 57 76 56 34 92 96 8 79 0 68 49 88 41 5 53 93 83 70 18 27 78 17 83 33 5 29 33 19 48 57 25 96 61 89 54 73 15 83 29 84 41 37 47 55 68 35 44 21 38 71 15 98 61 68 21 37 17 43 43 22 30 98 92 40
75 11 44 24 74 12 75 82 48 63 97 84 93 38 7 77 0 24 13 37 22 26 16 35 8 30 25 86 99 4 6 89 7 27 29 65 72 40 18 55 70 94 1 29 50 20 72 66 63 84 50 84 23 42 49 39 52 79 95 64 90 56 58 10 8 97 74 42 82 75 3 20 70 35 22 90 43 26 2 95 20 55 7 84 87 65 24 75 55 76 29 53 45 89 71 23 92 70 30 33
76 1 8 24 66 53 66 12 45 98 36 28 53 80 2 30 64 80 92 6 88 82 14 54 81 61 12 86 18 58 55 32 52 59 25 18 24 22 59 16 78 1 56 16 5 0 82 62 87 99 3 99 40 99 97 78 54 95 20 34 94 43 12 70 83 9 28 79 75 48 35 48 48 35 62 0 48 47 69 25 5 33 14 19 34 14 39 42 77 66 11 93 9 70 19 11 94 93 36 47
79 34 87 5 10 79 64 84 54 38 4 61 31 21 93 19 75 25 35 76 94 56 48 92 7 89 69 85 24 76 44 25 29 55 21 19 95 5 88 22 38 19 38 48 21 10 25 68 4 48 15 92 61 93 91 10 88 74 66 42 13 47 18 66 91 15 73 94 13 85 71 33 62 85 19 38 98 25 91 87 21 53 21 82 4 63 69 7 22 30 45 34 82 8 1 38 53 5 51 62
66 14 66 62 32 10 84 37 95 68 90 84 62 19 17 91 43 63 63 99 73 27 94 32 99 52 24 58 17 9 66 28 94 28 60 34 55 3 59 22 42 85 85 10 96 39 27 51 48 54 71 75 68 83 93 33 61 52 25 53 41 63 19 5 15 21 76 74 58 94 71 87 34 55 82 12 6 63 60 100 70 18 43 15 65 6 95 23 15 37 14 33 80 99 22 62 29 43 78 91
33 31 3 68 6 64 22 46 85 65 63 43 82 84 17 71 91 11 48 25 23 79 79 7 86 51 13 30 46 49 79 78 58 10 55 32 1 27 63 68 69 31 17 95 58 10 72 39 74 18 67 2 0 33 92 85 6 1 13 89 48 2 7 2 69 77 68 15 43 52 82 9 51 10 6 1 90 27 74 70 71 63 92 18 63 75 3 25 81 49 89 94 21 90 80 79 43 85 65 67
61 87 8 42 61 71 55 37 7 1 75 96 87 59 83 2 77 2 43 4 5 76 38 25 53 87 28 83 38 68 84 14 31 44 55 78 44 22 11 43 51 43 75 87 71 50 88 31 44 90 76 17 20 24 40 26 6 91 32 83 70 30 8 68 52 91 69 90 83 37 77 19 11 22 81 17 46 5 16 61 40 97 68 5 13 96 65 53 85 32 75 61 85 15 56 19 84 81 99 20
91 43 21 58 62 51 4 47 26 40 52 94 47 3 37 65 54 1 50 1 86 17 27 61 39 53 85 8 76 80 56 62 66 85 98 59 66 31 12 20 59 91 56 37 23 80 92 22 77 5 13 88 43 12 52 77 17 39 55 62 49 34 1 37 78 43 48 4 13 88 98 26 7 62 80 60 9 72 84 16 41 99 1 77 76 43 31 96 30 86 78 74 96 31 23 74 18 0 26 88
44 58 3 48 99 51 84 94 6 34 30 31 28 14 92 17 97 10 42 43 55 82 91 85 57 48 2 6 20 97 66 53 18 38 86 20 10 2 63 87 76 33 3 43 95 75 99 85 11 26 48 35 34 24 98 100 87 78 91 73 98 60 65 35 33 56 26 66 8 61 38 97 67 61 97 12 50 58 39 21 5 92 6 95 20 15 43 67 90 8 34 12 44 39 64 30 65 75 28 77
76 87 30 15 47 74 5 4 30 63 39 86 91 36 12 71 2 58 62 41 28 36 9 90 93 7 98 76 53 7 88 70 47 98 40 33 63 7 52 7 15 90 3 92 74 2 45 76 45 17 100 40 6 95 8 53 26 20 43 69 32 44 24 30 5 55 11 46 96 97 73 58 28 81 23 36 39 21 71 61 40 76 52 46 82 38 95 76 97 82 58 18 41 100 31 48 90 33 81 27
3 20 6 91 60 44 67 74 32 36 11 18 22 97 15 91 12 93 66 41 44 21 8 66 73 27 63 10 19 10 18 50 88 16 30 57 68 34 26 19 73 11 94 50 11 50 9 3 60 94 81 20 100 1 74 81 22 48 64 5 81 87 91 46 5 10 61 83 66 50 37 52 5 76 4 84 91 95 52 58 62 30 30 77 78 38 38 80 71 31 89 79 0 75 80 56 20 5 57 96
55 57 55 35 24 24 56 62 63 92 72 3 58 56 72 89 56 10 52 94 35 58 30 4 5 39 25 84 33 36 67 84 16 34 66 74 34 76 50 17 67 27 19 14 97 92 64 18 53 97 1 31 78 58 20 60 70 39 31 78 97 17 93 94 58 52 68 76 38 29 9 28 78 74 47 22 32 32 91 29 7 93 4 62 33 13 82 80 77 77 62 70 78 13 60 49 100 82 59 65
94 78 4 45 53 56 64 84 9 41 30 7 17 64 36 38 86 62 41 26 40 53 7 54 73 51 66 48 95 86 30 91 42 87 13 44 80 51 42 61 90 69 66 44 55 19 46 92 94 77 76 71 32 74 81 35 54 80 91 88 87 100 57 4 37 94 84 71 28 6 44 46 24 28 72 91 84 62 10 15 20 71 51 2 77 82 17 9 43 44 28 25 53 42 37 33 56 43 41 37
16 37 48 28 78 75 39 57 86 38 89 54 92 22 97 67 79 47 59 14 56 54 22 3 83 26 61 42 16 5 5 71 36 73 97 7 79 63 32 98 15 35 94 82 89 56 7 30 29 81 77 5 75 1 27 53 78 17 79 53 65 96 52 71 5 95 66 31 64 53 86 45 89 85 41 36 2 49 27 42 75 97 42 38 87 83 38 41 78 83 62 82 34 80 39 59 58 64 27 73
66 63 57 88 71 98 78 35 93 66 68 42 65 21 75 96 3 95 28 82 51 50 7 3 73 57 86 23 54 94 26 82 28 38 75 12 11 56 74 72 0 23 89 88 83 57 67 64 6 68 32 42 30 23 95 52 8 69 30 45 58 88 14 56 39 88 96 78 77 17 57 85 24 59 54 51 75 48 17 81 78 5 5 39 14 59 64 66 85 64 38 7 88 26 10 46 45 27 58 53
